61440
61441
61442
57347
45060
45061
45062
45063
45064
49161
53258
45067
49164
61453
61454
57359
61456
49169
49170
61459
57364
45077
45078
61463
45080
49177
49178
49179
61468
53277
57374
45087
49184
53281
53282
53283
53284
49189
49190
45095
61480
61481
57386
45099
57388
61485
45102
61487
53296
45105
57394
53299
61492
45109
61494
49207
49208
49209
57402
61499
61500
61501
53310
49215
53312
57409
49218
61507
53316
61509
45126
57415
49224
45129
49226
49227
61516
53325
49230
45135
53328
45137
57426
45139
61524
